All
396500.0
389529.0
397657.0
403978.0
440180.0
435947.0
460907.0
429304.0
444318.0
444192.0
456223.0
449068.0
477355.0
518959.0
500325.0
491334.0
528114.0
558587.0
588536.0
689047.0
627824.0
470409.0
472006.0
594414.0
741195.0
692669.0
650283.0
663059.0
655581.0
608804.0
580296.0
504397.0
527577.0
474219.0
503132.0
464985.0
485227.0
476650.0
459986.0
511380.0
504676.0
578076.0
544325.0
483247.0
503815.0
492974.0
497057.0
482896.0
441922.0
377451.0
392612.0
434956.0
411478.0
437756.0
422674.0
424584.0
440786.0
444012.0
439940.0
427880.0